[oneHitAllLayersEfficiency_positive]
axis=0.1, 0.128698313830555, 0.165632559828281, 0.213166311653384, 0.274341448752692, 0.353072818683032, 0.454398764239077, 0.584803547642573, 0.752632305037261, 0.968625085926997, 1.24660415292781, 1.60435852495978, 2.06478236942, 2.65734009371413, 3.41995189335339, 4.40142042056197, 5.664553865857, 7.29018531138151, 9.38234557087083, 12.0749205474666, 15.5402191409687, 20
values=0.300714285714286, 0.323953328757721, 0.325801366263794, 0.338782182263997, 0.336231884057971, 0.336377097729516, 0.322368421052632, 0.329248095395826, 0.331930944436385, 0.321539256198347, 0.325295214418894, 0.316924576580967, 0.322315080454035, 0.325342001896248, 0.338074917022285, 0.326657849990554, 0.333955223880597, 0.334333733493397, 0.327524752475248, 0.352105530187722, 0.318484042553192

[oneHitAllLayersEfficiency_negative]
axis=0.1, 0.128698313830555, 0.165632559828281, 0.213166311653384, 0.274341448752692, 0.353072818683032, 0.454398764239077, 0.584803547642573, 0.752632305037261, 0.968625085926997, 1.24660415292781, 1.60435852495978, 2.06478236942, 2.65734009371413, 3.41995189335339, 4.40142042056197, 5.664553865857, 7.29018531138151, 9.38234557087083, 12.0749205474666, 15.5402191409687, 20
values=0.290874524714829, 0.306547619047619, 0.317592112091334, 0.327490380504489, 0.313773717498243, 0.320130062075081, 0.321290944123314, 0.308764135702746, 0.31551286698079, 0.311103969146714, 0.311821471652593, 0.318228031953522, 0.31047152480098, 0.308916141862778, 0.331632653061224, 0.334480385409498, 0.32413388138579, 0.325, 0.317778814745684, 0.319111630625365, 0.329637841832964

[oneHitAllLayersEfficiency_all]
axis=0.1, 0.128698313830555, 0.165632559828281, 0.213166311653384, 0.274341448752692, 0.353072818683032, 0.454398764239077, 0.584803547642573, 0.752632305037261, 0.968625085926997, 1.24660415292781, 1.60435852495978, 2.06478236942, 2.65734009371413, 3.41995189335339, 4.40142042056197, 5.664553865857, 7.29018531138151, 9.38234557087083, 12.0749205474666, 15.5402191409687, 20
values=0.295500335795836, 0.314631813834874, 0.321671018276762, 0.333263685750104, 0.325491514031255, 0.328984532616005, 0.321880453752181, 0.320018198362147, 0.324631375392797, 0.316889811699005, 0.319206922395585, 0.317519215478399, 0.316997731802873, 0.317954833420288, 0.335140717789827, 0.330190634065479, 0.329607486353002, 0.3301050558109, 0.323050556983719, 0.336773492667029, 0.323766188309415
