[oneHitAllLayersEfficiency_positive]
axis=0.1, 0.128698313830555, 0.165632559828281, 0.213166311653384, 0.274341448752692, 0.353072818683032, 0.454398764239077, 0.584803547642573, 0.752632305037261, 0.968625085926997, 1.24660415292781, 1.60435852495978, 2.06478236942, 2.65734009371413, 3.41995189335339, 4.40142042056197, 5.664553865857, 7.29018531138151, 9.38234557087083, 12.0749205474666, 15.5402191409687, 20
content=0.296243798724309, 0.325757575757576, 0.323575535807632, 0.338265515824085, 0.333547557840617, 0.336621454993835, 0.323300777356986, 0.329023702967015, 0.332704858593183, 0.319715578539108, 0.325124378109453, 0.317079117396075, 0.322367601246106, 0.324884792626728, 0.338648563309125, 0.326715825297788, 0.33364420610865, 0.334734314019814, 0.32753164556962, 0.351598173515982, 0.318695941450432
error=0, 0, 0, 0, 0, 0, 0, 0, 0, 0, 0, 0, 0, 0, 0, 0, 0, 0, 0, 0, 0

[oneHitAllLayersEfficiency_negative]
axis=0.1, 0.128698313830555, 0.165632559828281, 0.213166311653384, 0.274341448752692, 0.353072818683032, 0.454398764239077, 0.584803547642573, 0.752632305037261, 0.968625085926997, 1.24660415292781, 1.60435852495978, 2.06478236942, 2.65734009371413, 3.41995189335339, 4.40142042056197, 5.664553865857, 7.29018531138151, 9.38234557087083, 12.0749205474666, 15.5402191409687, 20
content=0.299744897959184, 0.306134603930911, 0.314670813893209, 0.328010358221839, 0.314064152273528, 0.318061674008811, 0.321850156588774, 0.30814305920388, 0.315837104072398, 0.311275297141022, 0.311292270531401, 0.318254313469624, 0.310800430173606, 0.308672624958623, 0.332200188857413, 0.333563059958649, 0.324530516431925, 0.325253256150506, 0.317438055165965, 0.319322825452423, 0.329881656804734
error=0, 0, 0, 0, 0, 0, 0, 0, 0, 0, 0, 0, 0, 0, 0, 0, 0, 0, 0, 0, 0

[oneHitAllLayersEfficiency_all]
axis=0.1, 0.128698313830555, 0.165632559828281, 0.213166311653384, 0.274341448752692, 0.353072818683032, 0.454398764239077, 0.584803547642573, 0.752632305037261, 0.968625085926997, 1.24660415292781, 1.60435852495978, 2.06478236942, 2.65734009371413, 3.41995189335339, 4.40142042056197, 5.664553865857, 7.29018531138151, 9.38234557087083, 12.0749205474666, 15.5402191409687, 20
content=0.298086606243706, 0.31523474928138, 0.319104633003644, 0.333263157894737, 0.324256177508825, 0.328150134048257, 0.322643979057592, 0.319613913676926, 0.325201288244767, 0.315951579399756, 0.318876159301691, 0.317615894039735, 0.317187284986927, 0.317585692995529, 0.335712443030355, 0.329807093963908, 0.329608938547486, 0.330434782608696, 0.322905506749518, 0.336590662323561, 0.32399299474606
error=0, 0, 0, 0, 0, 0, 0, 0, 0, 0, 0, 0, 0, 0, 0, 0, 0, 0, 0, 0, 0
